t1	Temp1	NTemp1	SNTemp1	STemp1	t2	Temp2	NTemp2	SNTemp2	STemp2	t3	Temp3	NTemp3	SNTemp3	STemp3	t4	Temp4	NTemp4	SNTemp4	STemp4	t5	Temp5	NTemp5	SNTemp5	STemp5
0	25.57569524	20841.12254	0	25.57569524	0	43.52844727	36585.22465	0	25.57569524	0	26.33362098	20040.1489	0	25.57569524	0	35.57091744	27536.87003	0	25.57569524	0	35.84176269	29811.74454	0	25.57569524
0.5	25.7003231	20942.67929	101.55675	25.7003231	5	46.83361168	39363.18228	2777.95763	28.88085965	5	28.87543907	21974.49788	1934.34898	28.11751333	5	38.5073741	29810.09859	2273.22856	28.5121519	1	36.312334	30203.14693	391.402389999999	26.04626655
1	25.86842377	21079.66116	238.538619999999	25.86842377	10	48.58349089	40833.93826	4248.71361	30.63073886	10	31.22812502	23764.91542	3724.76652	30.47019928	10	43.56320508	33724.01958	6187.14955	33.56798288	2	36.55903424	30408.34232	596.59778	26.29296679
1.5	26.05101791	21228.45348	387.33094	26.05101791	15	50.07800746	42090.06449	5504.83985	32.12525543	15	33.94767593	25834.52086	5794.37195	33.18975019	15	46.48652669	35987.07978	8450.20975	36.4913045	3	37.07404202	30836.70519	0	26.80797457
2	26.18579431	21338.28007	497.15753	26.18579431	20	53.75616121	45181.51594	8596.29129	35.80340918	20	36.66733157	27904.206	7864.0571	35.90940583	20	49.46669235	38294.14521	10757.27518	39.47147015	4	37.39932294	31107.26085	391.402389999999	27.13325549
2.5	26.33362098	21458.74107	617.61853	26.33362098	25	56.53703366	47518.81142	10933.58677	38.58428163	25	38.92799303	29624.59198	9584.44307	38.17006729	25	53.5551642	41459.19482	13922.32479	43.55994201	5	38.07780139	31671.59209	596.59778	27.81173394
3	26.4597167	21561.49394	720.3714	26.4597167	30	59.12449783	49693.54918	13108.32453	41.1717458	30	42.43478853	32293.29842	12253.14951	41.67686279	30	55.26790999	42785.09984	15248.22982	45.2726878	6	38.43124301	31965.57068	1024.96066	28.16517556
3.5	26.61191407	21685.51653	844.393990000001	26.61191407	35	61.47251411	51667.03338	15081.80873	43.51976208	35	45.77070642	34831.96529	14791.81639	45.01278068	35	57.71902201	44682.6037	17145.73367	47.72379981	7	38.77354345	32250.2825	1295.51631	28.507476
4	26.74383218	21793.01397	951.89143	26.74383218	40	63.30518054	53207.37119	16622.14654	45.35242851	40	48.69292271	37055.80111	17015.6522	47.93499697	40	60.61690752	46925.97279	19389.10276	50.62168533	8	39.17033615	32580.31879	1859.84755	28.9042687
4.5	26.89751404	21918.24624	1077.1237	26.89751404	45	66.10019552	55556.55333	18971.32868	48.14744349	45	51.58013947	39253.00194	19212.85303	50.82221373	45	63.98135964	49530.52976	21993.65973	53.98613745	9	39.76569961	33075.51831	2153.82615	29.49963216
5	27.05121949	22043.49774	1202.3752	27.05121949	50	69.01384375	58005.44554	21420.22089	51.06109172	50	54.79977383	41703.17588	21663.02698	54.04184809	50	66.17337399	51227.45574	23690.58571	56.1781518	10	40.05780154	33318.47701	2438.53797	29.79173409
5.5	27.21365454	22175.86281	1334.74027	27.21365454	55	71.96523957	60486.06421	23900.83956	54.01248754	55	58.28466992	44355.21666	24315.06775	57.52674418	55	68.80641794	53265.80038	25728.93036	58.81119574	11	40.70561161	33857.29951	2768.57426	30.43954415
6	27.36306661	22297.61572	1456.49318	27.36306661	60	73.77416728	62006.44986	25421.22521	55.82141525	60	61.53094298	46825.66292	26785.51401	60.77301724	60	71.69007109	55498.15164	27961.28161	61.6948489	12	41.71135346	34693.83535	3263.77377	31.44528601
6.5	27.54443482	22445.40905	1604.28651	27.54443482	65	75.28505116	63276.33265	26691.108	57.33229913	65	64.59322572	49156.0907	29115.9418	63.83529998	65	74.18398359	57428.78906	29891.91903	64.18876139	13	42.5000124	35349.81031	3506.73247	32.23394495
7	27.70408178	22575.50216	1734.37962	27.70408178	70	77.05815367	64766.60758	28181.38293	59.10540164	70	67.90001772	51672.59248	31632.44358	67.14209198	70	75.80268412	58681.88989	31145.01986	65.80746192	14	43.04690499	35804.69369	4045.55497	32.78083754
7.5	27.90588091	22739.94424	1898.8217	27.90588091	75	78.8704457	66289.82091	29704.59626	60.91769367	75	72.4478012	55133.50119	35093.35228	71.68987546	75	78.33305598	60640.75196	33103.88193	68.33783378	15	43.60957557	36272.70058	4882.09082	33.34350812
8	28.08596856	22886.69406	2045.57152	28.08596856	80	80.85948327	67961.5871	31376.36245	62.90673124	80	75.63825903	57561.4715	37521.3226	74.88033329	80	79.80050789	61776.76518	34239.89515	69.80528569	16	44.1450672	36718.10109	5538.06577	33.87899975
8.5	28.2893743	23052.44533	2211.32279	28.2893743	85	83.20429432	69932.37733	33347.15268	65.25154229	85	78.46665783	59713.91127	39673.76237	77.70873209	85	81.4087979	63021.8068	35484.93678	71.4135757	17	44.70329309	37182.41106	5992.94915	34.43722564
9	28.44925809	23182.73143	2341.60889	28.44925809	90	85.19166247	71602.74039	35017.51574	67.23891044	90	81.31078378	61878.31957	41838.17066	80.55285804	90	83.99768768	65025.96994	37489.09991	74.00246548	18	45.1949553	37591.35602	6460.95604	34.92888785
9.5	28.63101873	23330.84454	2489.722	28.63101873	95	87.48886269	73533.5142	36948.28955	69.53611066	95	83.88806079	63839.65314	43799.50423	83.13013504	95	86.65916088	67086.32281	39549.45278	76.66393869	19	45.6578774	37976.3961	6906.35655	35.39180995
10	28.80122312	23469.5407	2628.41816	28.80122312	100	89.3868206	75128.72885	38543.5042	71.43406857	100	86.50916156	65834.33704	45794.18813	85.75123582	100	88.57376677	68568.49581	41031.62578	78.57854458	20	46.25161193	38470.24074	7370.66652	35.98554448
10.5	29.01809329	23646.26386	2805.14132	29.01809329	105	91.56720422	76961.31947	40376.09482	73.61445219	105	88.88311341	67640.93814	47600.78923	88.12518767	105	90.53361272	70085.69095	42548.82092	80.53839052	21	46.73970625	38876.21807	7779.61148	36.4736388
11	29.19285256	23788.6717	2947.54916	29.19285256	110	93.00253013	78167.69655	41582.4719	75.0497781	110	92.41154142	70326.10714	50285.95823	91.65361568	110	93.06273758	72043.58767	44506.71764	83.06751539	22	47.1301836	39201.00151	8164.65157	36.86411615
11.5	29.39248372	23951.34714	3110.2246	29.39248372	115	95.41469816	80195.09965	43609.875	77.46194613	115	95.8990748	72980.15492	52940.00601	95.14114906	115	95.40883306	73859.79403	46322.924	85.41361087	23	47.56544828	39563.03726	8658.4962	37.29938083
12	29.59370222	24115.31607	3274.19353	29.59370222	120	96.99306375	81521.70015	44936.4755	79.04031172	120	97.9079541	74508.93215	54468.78324	97.15002836	120	97.41324726	75411.49123	47874.62121	87.41802506	24	47.75952541	39724.46285	9064.47353	37.49345796
12.5	29.7425172	24236.58242	3395.45988	29.7425172	nan	nan	nan	nan	nan	nan	nan	nan	nan	nan	nan	nan	nan	nan	nan	25	48.17806729	40072.58925	9389.25698	37.91199984
13	29.91769417	24379.33062	3538.20808	29.91769417	nan	nan	nan	nan	nan	nan	nan	nan	nan	nan	nan	nan	nan	nan	nan	26	48.35631977	40220.85253	9751.29273	38.09025232
13.5	30.09006193	24519.78967	3678.66713	30.09006193	nan	nan	nan	nan	nan	nan	nan	nan	nan	nan	nan	nan	nan	nan	nan	27	48.95929923	40722.38673	9912.71831	38.69323178
14	30.23622547	24638.89541	3797.77287	30.23622547	nan	nan	nan	nan	nan	nan	nan	nan	nan	nan	nan	nan	nan	nan	nan	28	49.18706334	40911.8318	10260.84471	38.92099589
14.5	30.37223358	24749.7257	3908.60316	30.37223358	nan	nan	nan	nan	nan	nan	nan	nan	nan	nan	nan	nan	nan	nan	nan	29	49.85209914	41464.98198	10409.10799	39.58603169
15	30.49368092	24848.69071	4007.56817	30.49368092	nan	nan	nan	nan	nan	nan	nan	nan	nan	nan	nan	nan	nan	nan	nan	30	50.08536962	41659.00704	10910.64219	39.81930217
15.5	30.65473075	24979.92699	4138.80445	30.65473075	nan	nan	nan	nan	nan	nan	nan	nan	nan	nan	nan	nan	nan	nan	nan	31	50.56047305	42054.17906	11100.08727	40.2944056
16	30.7704629	25074.23481	4233.11227	30.7704629	nan	nan	nan	nan	nan	nan	nan	nan	nan	nan	nan	nan	nan	nan	nan	32	51.29326688	42663.68766	11653.23745	41.02719943
16.5	30.91704456	25193.68127	4352.55873	30.91704456	nan	nan	nan	nan	nan	nan	nan	nan	nan	nan	nan	nan	nan	nan	nan	33	51.62178976	42936.93985	11847.2625	41.35572231
17	31.02704491	25283.31836	4442.19582	31.02704491	nan	nan	nan	nan	nan	nan	nan	nan	nan	nan	nan	nan	nan	nan	nan	34	52.07640599	43315.07145	12242.43453	41.81033854
17.5	31.17673593	25405.29857	4564.17603	31.17673593	nan	nan	nan	nan	nan	nan	nan	nan	nan	nan	nan	nan	nan	nan	nan	35	52.44644112	43622.85187	12851.94312	42.18037367
18	31.30449808	25509.4094	4668.28686	31.30449808	nan	nan	nan	nan	nan	nan	nan	nan	nan	nan	nan	nan	nan	nan	nan	36	52.55623508	43714.17409	13125.19532	42.29016763
18.5	31.44703973	25625.56373	4784.44119	31.44703973	nan	nan	nan	nan	nan	nan	nan	nan	nan	nan	nan	nan	nan	nan	nan	37	52.73587803	43863.59391	13503.32691	42.46981058
19	31.57203097	25727.4166	4886.29406	31.57203097	nan	nan	nan	nan	nan	nan	nan	nan	nan	nan	nan	nan	nan	nan	nan	38	53.21999489	44266.26295	13811.10733	42.95392744
19.5	31.72948677	25855.72418	5014.60164	31.72948677	nan	nan	nan	nan	nan	nan	nan	nan	nan	nan	nan	nan	nan	nan	nan	39	53.52960485	44523.78413	13902.42956	43.2635374
20	31.87233951	25972.13202	5131.00948	31.87233951	nan	nan	nan	nan	nan	nan	nan	nan	nan	nan	nan	nan	nan	nan	nan	40	54.39606857	45244.47399	14051.84937	44.13000112
20.5	31.9976098	26074.21228	5233.08974	31.9976098	nan	nan	nan	nan	nan	nan	nan	nan	nan	nan	nan	nan	nan	nan	nan	41	54.81792853	45595.36023	14454.51841	44.55186108
21	32.1465723	26195.59884	5354.4763	32.1465723	nan	nan	nan	nan	nan	nan	nan	nan	nan	nan	nan	nan	nan	nan	nan	42	55.11339059	45841.11375	14712.03959	44.84732314
21.5	32.24693377	26277.38139	5436.25885	32.24693377	nan	nan	nan	nan	nan	nan	nan	nan	nan	nan	nan	nan	nan	nan	nan	43	55.76738544	46385.08051	15432.72945	45.50131799
22	32.3961061	26398.93893	5557.81639	32.3961061	nan	nan	nan	nan	nan	nan	nan	nan	nan	nan	nan	nan	nan	nan	nan	44	56.55167687	47037.42275	15783.61569	46.28560942
22.5	32.51139689	26492.8871	5651.76456	32.51139689	nan	nan	nan	nan	nan	nan	nan	nan	nan	nan	nan	nan	nan	nan	nan	45	57.421745	47761.11062	16029.36922	47.15567755
23	32.64452246	26601.36846	5760.24592	32.64452246	nan	nan	nan	nan	nan	nan	nan	nan	nan	nan	nan	nan	nan	nan	nan	46	57.73619026	48022.65361	16573.33598	47.47012281
23.5	32.80885792	26735.28214	5894.1596	32.80885792	nan	nan	nan	nan	nan	nan	nan	nan	nan	nan	nan	nan	nan	nan	nan	47	58.39777867	48572.93638	17225.67821	48.13171122
24	32.96298081	26860.8738	6019.75126	32.96298081	nan	nan	nan	nan	nan	nan	nan	nan	nan	nan	nan	nan	nan	nan	nan	48	58.78711944	48896.77447	17949.36608	48.52105199
24.5	33.12912651	26996.26261	6155.14007	33.12912651	nan	nan	nan	nan	nan	nan	nan	nan	nan	nan	nan	nan	nan	nan	nan	49	59.34861732	49363.80594	18210.90908	49.08254987
25	33.25533746	27099.10939	6257.98685	33.25533746	nan	nan	nan	nan	nan	nan	nan	nan	nan	nan	nan	nan	nan	nan	nan	50	59.8835149	49808.71236	18761.19185	49.61744745
25.5	33.41584994	27229.9078	6388.78526	33.41584994	nan	nan	nan	nan	nan	nan	nan	nan	nan	nan	nan	nan	nan	nan	nan	51	60.6375201	50435.86372	19085.02993	50.37145265
26	33.54974139	27339.01327	6497.89073	33.54974139	nan	nan	nan	nan	nan	nan	nan	nan	nan	nan	nan	nan	nan	nan	nan	52	61.17691689	50884.51239	19552.0614	50.91084944
26.5	33.71802182	27476.14162	6635.01908	33.71802182	nan	nan	nan	nan	nan	nan	nan	nan	nan	nan	nan	nan	nan	nan	nan	53	61.9303899	51511.2211	19996.96782	51.66432245
27	33.88798992	27614.64523	6773.52269	33.88798992	nan	nan	nan	nan	nan	nan	nan	nan	nan	nan	nan	nan	nan	nan	nan	54	62.78646999	52223.27428	20624.11918	52.52040254
27.5	34.03426561	27733.84236	6892.71982	34.03426561	nan	nan	nan	nan	nan	nan	nan	nan	nan	nan	nan	nan	nan	nan	nan	55	63.16882128	52541.29879	21072.76785	52.90275383
28	34.25546367	27914.09223	7072.96969	34.25546367	nan	nan	nan	nan	nan	nan	nan	nan	nan	nan	nan	nan	nan	nan	nan	56	63.87737325	53130.64397	21699.47657	53.6113058
28.5	34.44706009	28070.22033	7229.09779	34.44706009	nan	nan	nan	nan	nan	nan	nan	nan	nan	nan	nan	nan	nan	nan	nan	57	64.52283591	53667.514	22411.52974	54.25676846
29	34.68244237	28262.02864	7420.9061	34.68244237	nan	nan	nan	nan	nan	nan	nan	nan	nan	nan	nan	nan	nan	nan	nan	58	65.17860694	54212.95811	22729.55425	54.91253949
29.5	34.90772859	28445.60987	7604.48733	34.90772859	nan	nan	nan	nan	nan	nan	nan	nan	nan	nan	nan	nan	nan	nan	nan	59	65.83214125	54756.54181	23318.89943	55.5660738
30	35.15751245	28649.15375	7808.03121	35.15751245	nan	nan	nan	nan	nan	nan	nan	nan	nan	nan	nan	nan	nan	nan	nan	60	66.84337505	55597.64563	23855.76946	56.5773076
30.5	35.35347803	28808.84218	7967.71964	35.35347803	nan	nan	nan	nan	nan	nan	nan	nan	nan	nan	nan	nan	nan	nan	nan	61	67.42482094	56081.26906	24401.21357	57.15875349
31	35.60719578	29015.59169	8174.46915	35.60719578	nan	nan	nan	nan	nan	nan	nan	nan	nan	nan	nan	nan	nan	nan	nan	62	67.79907018	56392.55461	24944.79727	57.53300273
31.5	35.82964449	29196.8607	8355.73816	35.82964449	nan	nan	nan	nan	nan	nan	nan	nan	nan	nan	nan	nan	nan	nan	nan	63	68.51674907	56989.4912	25785.90109	58.25068162
32	36.02672309	29357.45611	8516.33357	36.02672309	nan	nan	nan	nan	nan	nan	nan	nan	nan	nan	nan	nan	nan	nan	nan	64	69.31290374	57651.70081	26269.52452	59.04683629
32.5	36.17855363	29481.17978	8640.05724	36.17855363	nan	nan	nan	nan	nan	nan	nan	nan	nan	nan	nan	nan	nan	nan	nan	65	69.6257013	57911.87331	26580.81008	59.35963384
33	36.35645588	29626.14877	8785.02623	36.35645588	nan	nan	nan	nan	nan	nan	nan	nan	nan	nan	nan	nan	nan	nan	nan	66	69.97848274	58205.3028	27177.74667	59.71241528
33.5	36.51787903	29757.68927	8916.56673	36.51787903	nan	nan	nan	nan	nan	nan	nan	nan	nan	nan	nan	nan	nan	nan	nan	67	70.53569382	58668.76869	27839.95627	60.26962637
34	36.70243707	29908.08192	9066.95938	36.70243707	nan	nan	nan	nan	nan	nan	nan	nan	nan	nan	nan	nan	nan	nan	nan	68	71.50372813	59473.94091	28100.12877	61.23766068
34.5	36.89037058	30061.22518	9220.10264	36.89037058	nan	nan	nan	nan	nan	nan	nan	nan	nan	nan	nan	nan	nan	nan	nan	69	72.00167486	59888.11308	28393.55826	61.73560741
35	37.07710594	30213.39209	9372.26955	37.07710594	nan	nan	nan	nan	nan	nan	nan	nan	nan	nan	nan	nan	nan	nan	nan	70	72.87127246	60611.40958	28857.02415	62.60520501
35.5	37.32251298	30413.36937	9572.24683	37.32251298	nan	nan	nan	nan	nan	nan	nan	nan	nan	nan	nan	nan	nan	nan	nan	71	73.28698711	60957.1844	29662.19637	63.02091966
36	37.52849451	30581.2196	9740.09706	37.52849451	nan	nan	nan	nan	nan	nan	nan	nan	nan	nan	nan	nan	nan	nan	nan	72	74.00413498	61553.67931	30076.36854	63.73806753
36.5	37.75648724	30767.00632	9925.88378	37.75648724	nan	nan	nan	nan	nan	nan	nan	nan	nan	nan	nan	nan	nan	nan	nan	73	74.34529942	61837.44624	30799.66505	64.07923197
37	37.96182111	30934.32879	10093.20625	37.96182111	nan	nan	nan	nan	nan	nan	nan	nan	nan	nan	nan	nan	nan	nan	nan	74	74.85642756	62262.58219	31145.43986	64.59036011
37.5	38.14435947	31083.07564	10241.9531	38.14435947	nan	nan	nan	nan	nan	nan	nan	nan	nan	nan	nan	nan	nan	nan	nan	75	75.43125588	62740.70139	31741.93478	65.16518843
38	38.29467171	31205.56208	10364.43954	38.29467171	nan	nan	nan	nan	nan	nan	nan	nan	nan	nan	nan	nan	nan	nan	nan	76	75.99488209	63209.50313	32025.7017	65.72881464
38.5	38.42968995	31315.58575	10474.46321	38.42968995	nan	nan	nan	nan	nan	nan	nan	nan	nan	nan	nan	nan	nan	nan	nan	77	76.61881994	63728.46968	32450.83765	66.35275249
39	38.58201147	31439.7095	10598.58696	38.58201147	nan	nan	nan	nan	nan	nan	nan	nan	nan	nan	nan	nan	nan	nan	nan	78	77.11039368	64137.34104	32928.95685	66.84432623
39.5	38.74393131	31571.65475	10730.53221	38.74393131	nan	nan	nan	nan	nan	nan	nan	nan	nan	nan	nan	nan	nan	nan	nan	79	77.94943927	64835.22561	33397.75859	67.68337182
40	38.97016101	31756.0048	10914.88226	38.97016101	nan	nan	nan	nan	nan	nan	nan	nan	nan	nan	nan	nan	nan	nan	nan	80	78.57897494	65358.8482	33916.72514	68.31290749
40.5	39.19852152	31942.09122	11100.96868	39.19852152	nan	nan	nan	nan	nan	nan	nan	nan	nan	nan	nan	nan	nan	nan	nan	81	79.10532565	65796.64566	34325.59651	68.8392582
41	39.38194389	32091.55844	11250.4359	39.38194389	nan	nan	nan	nan	nan	nan	nan	nan	nan	nan	nan	nan	nan	nan	nan	82	79.79675443	66371.74847	35023.48107	69.53068698
41.5	39.60507185	32273.38095	11432.25841	39.60507185	nan	nan	nan	nan	nan	nan	nan	nan	nan	nan	nan	nan	nan	nan	nan	83	80.66669933	67095.33383	35547.10366	70.40063188
42	39.78461661	32419.68838	11578.56584	39.78461661	nan	nan	nan	nan	nan	nan	nan	nan	nan	nan	nan	nan	nan	nan	nan	84	81.25210418	67582.25017	35984.90112	70.98603673
42.5	39.94242041	32548.27954	11707.157	39.94242041	nan	nan	nan	nan	nan	nan	nan	nan	nan	nan	nan	nan	nan	nan	nan	85	81.62538109	67892.72697	36560.00393	71.35931364
43	40.09735171	32674.52996	11833.40742	40.09735171	nan	nan	nan	nan	nan	nan	nan	nan	nan	nan	nan	nan	nan	nan	nan	86	82.49702867	68617.72857	37283.58929	72.23096122
43.5	40.24939692	32798.42856	11957.30602	40.24939692	nan	nan	nan	nan	nan	nan	nan	nan	nan	nan	nan	nan	nan	nan	nan	87	82.97790821	69017.70493	37770.50563	72.71184076
44	40.42713269	32943.26188	12102.13934	40.42713269	nan	nan	nan	nan	nan	nan	nan	nan	nan	nan	nan	nan	nan	nan	nan	88	83.20842385	69209.43862	38080.98244	72.9423564
44.5	40.60684248	33089.7038	12248.58126	40.60684248	nan	nan	nan	nan	nan	nan	nan	nan	nan	nan	nan	nan	nan	nan	nan	nan	nan	nan	nan	nan
45	40.80290457	33249.47088	12408.34834	40.80290457	nan	nan	nan	nan	nan	nan	nan	nan	nan	nan	nan	nan	nan	nan	nan	nan	nan	nan	nan	nan
45.5	40.96425361	33380.95098	12539.82844	40.96425361	nan	nan	nan	nan	nan	nan	nan	nan	nan	nan	nan	nan	nan	nan	nan	nan	nan	nan	nan	nan
46	41.24619466	33610.6991	12769.57656	41.24619466	nan	nan	nan	nan	nan	nan	nan	nan	nan	nan	nan	nan	nan	nan	nan	nan	nan	nan	nan	nan
46.5	41.54686278	33855.70754	13014.585	41.54686278	nan	nan	nan	nan	nan	nan	nan	nan	nan	nan	nan	nan	nan	nan	nan	nan	nan	nan	nan	nan
47	41.86648935	34116.16484	13275.0423	41.86648935	nan	nan	nan	nan	nan	nan	nan	nan	nan	nan	nan	nan	nan	nan	nan	nan	nan	nan	nan	nan
47.5	42.11601344	34319.49704	13478.3745	42.11601344	nan	nan	nan	nan	nan	nan	nan	nan	nan	nan	nan	nan	nan	nan	nan	nan	nan	nan	nan	nan
48	42.32403915	34489.01302	13647.89048	42.32403915	nan	nan	nan	nan	nan	nan	nan	nan	nan	nan	nan	nan	nan	nan	nan	nan	nan	nan	nan	nan
48.5	42.5049065	34636.39821	13795.27567	42.5049065	nan	nan	nan	nan	nan	nan	nan	nan	nan	nan	nan	nan	nan	nan	nan	nan	nan	nan	nan	nan
49	42.64043886	34746.84082	13905.71828	42.64043886	nan	nan	nan	nan	nan	nan	nan	nan	nan	nan	nan	nan	nan	nan	nan	nan	nan	nan	nan	nan
49.5	42.77949656	34860.15616	14019.03362	42.77949656	nan	nan	nan	nan	nan	nan	nan	nan	nan	nan	nan	nan	nan	nan	nan	nan	nan	nan	nan	nan
50	42.94671635	34996.42022	14155.29768	42.94671635	nan	nan	nan	nan	nan	nan	nan	nan	nan	nan	nan	nan	nan	nan	nan	nan	nan	nan	nan	nan
50.5	43.17521841	35182.62198	14341.49944	43.17521841	nan	nan	nan	nan	nan	nan	nan	nan	nan	nan	nan	nan	nan	nan	nan	nan	nan	nan	nan	nan
51	43.38628415	35354.61523	14513.49269	43.38628415	nan	nan	nan	nan	nan	nan	nan	nan	nan	nan	nan	nan	nan	nan	nan	nan	nan	nan	nan	nan
51.5	43.58473043	35516.32513	14675.20259	43.58473043	nan	nan	nan	nan	nan	nan	nan	nan	nan	nan	nan	nan	nan	nan	nan	nan	nan	nan	nan	nan
52	43.74389182	35646.02257	14804.90003	43.74389182	nan	nan	nan	nan	nan	nan	nan	nan	nan	nan	nan	nan	nan	nan	nan	nan	nan	nan	nan	nan
52.5	43.85851371	35739.42565	14898.30311	43.85851371	nan	nan	nan	nan	nan	nan	nan	nan	nan	nan	nan	nan	nan	nan	nan	nan	nan	nan	nan	nan
53	44.0299694	35879.14146	15038.01892	44.0299694	nan	nan	nan	nan	nan	nan	nan	nan	nan	nan	nan	nan	nan	nan	nan	nan	nan	nan	nan	nan
53.5	44.22357799	36036.90923	15195.78669	44.22357799	nan	nan	nan	nan	nan	nan	nan	nan	nan	nan	nan	nan	nan	nan	nan	nan	nan	nan	nan	nan
54	44.48314027	36248.42134	15407.2988	44.48314027	nan	nan	nan	nan	nan	nan	nan	nan	nan	nan	nan	nan	nan	nan	nan	nan	nan	nan	nan	nan
54.5	44.82122953	36523.92352	15682.80098	44.82122953	nan	nan	nan	nan	nan	nan	nan	nan	nan	nan	nan	nan	nan	nan	nan	nan	nan	nan	nan	nan
55	45.15596171	36796.69008	15955.56754	45.15596171	nan	nan	nan	nan	nan	nan	nan	nan	nan	nan	nan	nan	nan	nan	nan	nan	nan	nan	nan	nan
55.5	45.46345593	37047.26097	16206.13843	45.46345593	nan	nan	nan	nan	nan	nan	nan	nan	nan	nan	nan	nan	nan	nan	nan	nan	nan	nan	nan	nan
56	45.74675638	37278.11684	16436.9943	45.74675638	nan	nan	nan	nan	nan	nan	nan	nan	nan	nan	nan	nan	nan	nan	nan	nan	nan	nan	nan	nan
56.5	45.98322877	37470.81346	16629.69092	45.98322877	nan	nan	nan	nan	nan	nan	nan	nan	nan	nan	nan	nan	nan	nan	nan	nan	nan	nan	nan	nan
57	46.20335635	37650.19103	16809.06849	46.20335635	nan	nan	nan	nan	nan	nan	nan	nan	nan	nan	nan	nan	nan	nan	nan	nan	nan	nan	nan	nan
57.5	46.38277891	37796.39888	16955.27634	46.38277891	nan	nan	nan	nan	nan	nan	nan	nan	nan	nan	nan	nan	nan	nan	nan	nan	nan	nan	nan	nan
58	46.58524763	37961.38659	17120.26405	46.58524763	nan	nan	nan	nan	nan	nan	nan	nan	nan	nan	nan	nan	nan	nan	nan	nan	nan	nan	nan	nan
58.5	46.83013114	38160.93727	17319.81473	46.83013114	nan	nan	nan	nan	nan	nan	nan	nan	nan	nan	nan	nan	nan	nan	nan	nan	nan	nan	nan	nan
59	47.05153886	38341.35799	17500.23545	47.05153886	nan	nan	nan	nan	nan	nan	nan	nan	nan	nan	nan	nan	nan	nan	nan	nan	nan	nan	nan	nan
59.5	47.29303986	38538.15232	17697.02978	47.29303986	nan	nan	nan	nan	nan	nan	nan	nan	nan	nan	nan	nan	nan	nan	nan	nan	nan	nan	nan	nan
60	47.53727139	38737.17171	17896.04917	47.53727139	nan	nan	nan	nan	nan	nan	nan	nan	nan	nan	nan	nan	nan	nan	nan	nan	nan	nan	nan	nan
60.5	47.76129265	38919.72216	18078.59962	47.76129265	nan	nan	nan	nan	nan	nan	nan	nan	nan	nan	nan	nan	nan	nan	nan	nan	nan	nan	nan	nan
61	47.90107162	39033.62524	18192.5027	47.90107162	nan	nan	nan	nan	nan	nan	nan	nan	nan	nan	nan	nan	nan	nan	nan	nan	nan	nan	nan	nan
61.5	48.00213045	39115.97606	18274.85352	48.00213045	nan	nan	nan	nan	nan	nan	nan	nan	nan	nan	nan	nan	nan	nan	nan	nan	nan	nan	nan	nan
62	48.07670595	39176.74614	18335.6236	48.07670595	nan	nan	nan	nan	nan	nan	nan	nan	nan	nan	nan	nan	nan	nan	nan	nan	nan	nan	nan	nan
62.5	48.21011261	39285.45656	18444.33402	48.21011261	nan	nan	nan	nan	nan	nan	nan	nan	nan	nan	nan	nan	nan	nan	nan	nan	nan	nan	nan	nan
63	48.45638001	39486.13494	18645.0124	48.45638001	nan	nan	nan	nan	nan	nan	nan	nan	nan	nan	nan	nan	nan	nan	nan	nan	nan	nan	nan	nan
63.5	48.71627115	39697.91503	18856.79249	48.71627115	nan	nan	nan	nan	nan	nan	nan	nan	nan	nan	nan	nan	nan	nan	nan	nan	nan	nan	nan	nan
64	48.91962418	39863.62335	19022.50081	48.91962418	nan	nan	nan	nan	nan	nan	nan	nan	nan	nan	nan	nan	nan	nan	nan	nan	nan	nan	nan	nan
64.5	49.13275088	40037.29604	19196.1735	49.13275088	nan	nan	nan	nan	nan	nan	nan	nan	nan	nan	nan	nan	nan	nan	nan	nan	nan	nan	nan	nan
65	49.33396799	40201.26384	19360.1413	49.33396799	nan	nan	nan	nan	nan	nan	nan	nan	nan	nan	nan	nan	nan	nan	nan	nan	nan	nan	nan	nan
65.5	49.52314975	40355.42427	19514.30173	49.52314975	nan	nan	nan	nan	nan	nan	nan	nan	nan	nan	nan	nan	nan	nan	nan	nan	nan	nan	nan	nan
66	49.73674579	40529.47941	19688.35687	49.73674579	nan	nan	nan	nan	nan	nan	nan	nan	nan	nan	nan	nan	nan	nan	nan	nan	nan	nan	nan	nan
66.5	49.97320342	40722.164	19881.04146	49.97320342	nan	nan	nan	nan	nan	nan	nan	nan	nan	nan	nan	nan	nan	nan	nan	nan	nan	nan	nan	nan
67	50.24758696	40945.75366	20104.63112	50.24758696	nan	nan	nan	nan	nan	nan	nan	nan	nan	nan	nan	nan	nan	nan	nan	nan	nan	nan	nan	nan
67.5	50.56604351	41205.25754	20364.135	50.56604351	nan	nan	nan	nan	nan	nan	nan	nan	nan	nan	nan	nan	nan	nan	nan	nan	nan	nan	nan	nan
68	50.90132492	41478.47165	20637.34911	50.90132492	nan	nan	nan	nan	nan	nan	nan	nan	nan	nan	nan	nan	nan	nan	nan	nan	nan	nan	nan	nan
68.5	51.23306978	41748.8039	20907.68136	51.23306978	nan	nan	nan	nan	nan	nan	nan	nan	nan	nan	nan	nan	nan	nan	nan	nan	nan	nan	nan	nan
69	51.50827541	41973.06346	21131.94092	51.50827541	nan	nan	nan	nan	nan	nan	nan	nan	nan	nan	nan	nan	nan	nan	nan	nan	nan	nan	nan	nan
69.5	51.74693871	42167.54541	21326.42287	51.74693871	nan	nan	nan	nan	nan	nan	nan	nan	nan	nan	nan	nan	nan	nan	nan	nan	nan	nan	nan	nan
70	52.05921471	42422.01288	21580.89034	52.05921471	nan	nan	nan	nan	nan	nan	nan	nan	nan	nan	nan	nan	nan	nan	nan	nan	nan	nan	nan	nan
70.5	52.36568975	42671.75326	21830.63072	52.36568975	nan	nan	nan	nan	nan	nan	nan	nan	nan	nan	nan	nan	nan	nan	nan	nan	nan	nan	nan	nan
71	52.71653134	42957.64706	22116.52452	52.71653134	nan	nan	nan	nan	nan	nan	nan	nan	nan	nan	nan	nan	nan	nan	nan	nan	nan	nan	nan	nan
71.5	53.09122462	43262.97712	22421.85458	53.09122462	nan	nan	nan	nan	nan	nan	nan	nan	nan	nan	nan	nan	nan	nan	nan	nan	nan	nan	nan	nan
72	53.41180699	43524.21328	22683.09074	53.41180699	nan	nan	nan	nan	nan	nan	nan	nan	nan	nan	nan	nan	nan	nan	nan	nan	nan	nan	nan	nan
72.5	53.76405995	43811.25717	22970.13463	53.76405995	nan	nan	nan	nan	nan	nan	nan	nan	nan	nan	nan	nan	nan	nan	nan	nan	nan	nan	nan	nan
73	54.10290987	44087.3792	23246.25666	54.10290987	nan	nan	nan	nan	nan	nan	nan	nan	nan	nan	nan	nan	nan	nan	nan	nan	nan	nan	nan	nan
73.5	54.41607491	44342.57112	23501.44858	54.41607491	nan	nan	nan	nan	nan	nan	nan	nan	nan	nan	nan	nan	nan	nan	nan	nan	nan	nan	nan	nan
74	54.74132137	44607.60796	23766.48542	54.74132137	nan	nan	nan	nan	nan	nan	nan	nan	nan	nan	nan	nan	nan	nan	nan	nan	nan	nan	nan	nan
74.5	55.0403694	44851.29622	24010.17368	55.0403694	nan	nan	nan	nan	nan	nan	nan	nan	nan	nan	nan	nan	nan	nan	nan	nan	nan	nan	nan	nan
75	55.29031574	45054.97249	24213.84995	55.29031574	nan	nan	nan	nan	nan	nan	nan	nan	nan	nan	nan	nan	nan	nan	nan	nan	nan	nan	nan	nan
75.5	55.52109074	45243.02642	24401.90388	55.52109074	nan	nan	nan	nan	nan	nan	nan	nan	nan	nan	nan	nan	nan	nan	nan	nan	nan	nan	nan	nan
76	55.74475543	45425.28631	24584.16377	55.74475543	nan	nan	nan	nan	nan	nan	nan	nan	nan	nan	nan	nan	nan	nan	nan	nan	nan	nan	nan	nan
76.5	55.93022701	45576.42339	24735.30085	55.93022701	nan	nan	nan	nan	nan	nan	nan	nan	nan	nan	nan	nan	nan	nan	nan	nan	nan	nan	nan	nan
77	56.10606254	45719.70824	24878.5857	56.10606254	nan	nan	nan	nan	nan	nan	nan	nan	nan	nan	nan	nan	nan	nan	nan	nan	nan	nan	nan	nan
77.5	56.38042835	45943.28345	25102.16091	56.38042835	nan	nan	nan	nan	nan	nan	nan	nan	nan	nan	nan	nan	nan	nan	nan	nan	nan	nan	nan	nan
78	56.72985379	46228.02326	25386.90072	56.72985379	nan	nan	nan	nan	nan	nan	nan	nan	nan	nan	nan	nan	nan	nan	nan	nan	nan	nan	nan	nan
78.5	57.19420683	46606.41526	25765.29272	57.19420683	nan	nan	nan	nan	nan	nan	nan	nan	nan	nan	nan	nan	nan	nan	nan	nan	nan	nan	nan	nan
79	57.74907068	47058.56272	26217.44018	57.74907068	nan	nan	nan	nan	nan	nan	nan	nan	nan	nan	nan	nan	nan	nan	nan	nan	nan	nan	nan	nan
79.5	58.28032522	47491.47142	26650.34888	58.28032522	nan	nan	nan	nan	nan	nan	nan	nan	nan	nan	nan	nan	nan	nan	nan	nan	nan	nan	nan	nan
80	58.7300389	47857.9341	27016.81156	58.7300389	nan	nan	nan	nan	nan	nan	nan	nan	nan	nan	nan	nan	nan	nan	nan	nan	nan	nan	nan	nan
80.5	59.11121922	48168.55032	27327.42778	59.11121922	nan	nan	nan	nan	nan	nan	nan	nan	nan	nan	nan	nan	nan	nan	nan	nan	nan	nan	nan	nan
81	59.43100405	48429.13658	27588.01404	59.43100405	nan	nan	nan	nan	nan	nan	nan	nan	nan	nan	nan	nan	nan	nan	nan	nan	nan	nan	nan	nan
81.5	59.68132849	48633.12096	27791.99842	59.68132849	nan	nan	nan	nan	nan	nan	nan	nan	nan	nan	nan	nan	nan	nan	nan	nan	nan	nan	nan	nan
82	59.89252254	48805.21876	27964.09622	59.89252254	nan	nan	nan	nan	nan	nan	nan	nan	nan	nan	nan	nan	nan	nan	nan	nan	nan	nan	nan	nan
82.5	60.09115878	48967.08346	28125.96092	60.09115878	nan	nan	nan	nan	nan	nan	nan	nan	nan	nan	nan	nan	nan	nan	nan	nan	nan	nan	nan	nan
83	60.37942303	49201.98424	28360.8617	60.37942303	nan	nan	nan	nan	nan	nan	nan	nan	nan	nan	nan	nan	nan	nan	nan	nan	nan	nan	nan	nan
83.5	60.71318333	49473.95883	28632.83629	60.71318333	nan	nan	nan	nan	nan	nan	nan	nan	nan	nan	nan	nan	nan	nan	nan	nan	nan	nan	nan	nan
84	61.0587813	49755.57971	28914.45717	61.0587813	nan	nan	nan	nan	nan	nan	nan	nan	nan	nan	nan	nan	nan	nan	nan	nan	nan	nan	nan	nan
84.5	61.42582825	50054.67893	29213.55639	61.42582825	nan	nan	nan	nan	nan	nan	nan	nan	nan	nan	nan	nan	nan	nan	nan	nan	nan	nan	nan	nan
85	61.86905541	50415.85587	29574.73333	61.86905541	nan	nan	nan	nan	nan	nan	nan	nan	nan	nan	nan	nan	nan	nan	nan	nan	nan	nan	nan	nan
85.5	62.30264769	50769.18155	29928.05901	62.30264769	nan	nan	nan	nan	nan	nan	nan	nan	nan	nan	nan	nan	nan	nan	nan	nan	nan	nan	nan	nan
86	62.77683527	51155.58752	30314.46498	62.77683527	nan	nan	nan	nan	nan	nan	nan	nan	nan	nan	nan	nan	nan	nan	nan	nan	nan	nan	nan	nan
86.5	63.21016905	51508.70255	30667.58001	63.21016905	nan	nan	nan	nan	nan	nan	nan	nan	nan	nan	nan	nan	nan	nan	nan	nan	nan	nan	nan	nan
87	63.63083168	51851.49212	31010.36958	63.63083168	nan	nan	nan	nan	nan	nan	nan	nan	nan	nan	nan	nan	nan	nan	nan	nan	nan	nan	nan	nan
87.5	64.01111811	52161.37993	31320.25739	64.01111811	nan	nan	nan	nan	nan	nan	nan	nan	nan	nan	nan	nan	nan	nan	nan	nan	nan	nan	nan	nan
88	64.45005917	52519.06421	31677.94167	64.45005917	nan	nan	nan	nan	nan	nan	nan	nan	nan	nan	nan	nan	nan	nan	nan	nan	nan	nan	nan	nan
88.5	64.86586724	52857.8979	32016.77536	64.86586724	nan	nan	nan	nan	nan	nan	nan	nan	nan	nan	nan	nan	nan	nan	nan	nan	nan	nan	nan	nan
89	65.4012719	53294.18845	32453.06591	65.4012719	nan	nan	nan	nan	nan	nan	nan	nan	nan	nan	nan	nan	nan	nan	nan	nan	nan	nan	nan	nan
89.5	65.8606836	53668.55385	32827.43131	65.8606836	nan	nan	nan	nan	nan	nan	nan	nan	nan	nan	nan	nan	nan	nan	nan	nan	nan	nan	nan	nan
90	66.30700649	54032.25345	33191.13091	66.30700649	nan	nan	nan	nan	nan	nan	nan	nan	nan	nan	nan	nan	nan	nan	nan	nan	nan	nan	nan	nan
90.5	66.74507589	54389.22744	33548.1049	66.74507589	nan	nan	nan	nan	nan	nan	nan	nan	nan	nan	nan	nan	nan	nan	nan	nan	nan	nan	nan	nan
91	67.16386085	54730.48693	33889.36439	67.16386085	nan	nan	nan	nan	nan	nan	nan	nan	nan	nan	nan	nan	nan	nan	nan	nan	nan	nan	nan	nan
91.5	67.53834871	55035.6496	34194.52706	67.53834871	nan	nan	nan	nan	nan	nan	nan	nan	nan	nan	nan	nan	nan	nan	nan	nan	nan	nan	nan	nan
92	67.93828154	55361.54686	34520.42432	67.93828154	nan	nan	nan	nan	nan	nan	nan	nan	nan	nan	nan	nan	nan	nan	nan	nan	nan	nan	nan	nan
92.5	68.30641431	55661.53089	34820.40835	68.30641431	nan	nan	nan	nan	nan	nan	nan	nan	nan	nan	nan	nan	nan	nan	nan	nan	nan	nan	nan	nan
93	68.70590504	55987.0679	35145.94536	68.70590504	nan	nan	nan	nan	nan	nan	nan	nan	nan	nan	nan	nan	nan	nan	nan	nan	nan	nan	nan	nan
93.5	69.12924562	56332.03967	35490.91713	69.12924562	nan	nan	nan	nan	nan	nan	nan	nan	nan	nan	nan	nan	nan	nan	nan	nan	nan	nan	nan	nan
94	69.60572067	56720.30966	35879.18712	69.60572067	nan	nan	nan	nan	nan	nan	nan	nan	nan	nan	nan	nan	nan	nan	nan	nan	nan	nan	nan	nan
94.5	70.09679582	57120.47698	36279.35444	70.09679582	nan	nan	nan	nan	nan	nan	nan	nan	nan	nan	nan	nan	nan	nan	nan	nan	nan	nan	nan	nan
95	70.57664119	57511.49337	36670.37083	70.57664119	nan	nan	nan	nan	nan	nan	nan	nan	nan	nan	nan	nan	nan	nan	nan	nan	nan	nan	nan	nan
95.5	71.12187894	57955.79671	37114.67417	71.12187894	nan	nan	nan	nan	nan	nan	nan	nan	nan	nan	nan	nan	nan	nan	nan	nan	nan	nan	nan	nan
96	71.53672247	58293.84441	37452.72187	71.53672247	nan	nan	nan	nan	nan	nan	nan	nan	nan	nan	nan	nan	nan	nan	nan	nan	nan	nan	nan	nan
96.5	71.98041669	58655.40195	37814.27941	71.98041669	nan	nan	nan	nan	nan	nan	nan	nan	nan	nan	nan	nan	nan	nan	nan	nan	nan	nan	nan	nan
97	72.38637613	58986.21018	38145.08764	72.38637613	nan	nan	nan	nan	nan	nan	nan	nan	nan	nan	nan	nan	nan	nan	nan	nan	nan	nan	nan	nan
97.5	72.73474793	59270.0914	38428.96886	72.73474793	nan	nan	nan	nan	nan	nan	nan	nan	nan	nan	nan	nan	nan	nan	nan	nan	nan	nan	nan	nan
98	73.03326059	59513.34339	38672.22085	73.03326059	nan	nan	nan	nan	nan	nan	nan	nan	nan	nan	nan	nan	nan	nan	nan	nan	nan	nan	nan	nan
98.5	73.32472249	59750.84986	38909.72732	73.32472249	nan	nan	nan	nan	nan	nan	nan	nan	nan	nan	nan	nan	nan	nan	nan	nan	nan	nan	nan	nan
99	73.61846675	59990.21619	39149.09365	73.61846675	nan	nan	nan	nan	nan	nan	nan	nan	nan	nan	nan	nan	nan	nan	nan	nan	nan	nan	nan	nan
99.5	73.93051903	60244.50135	39403.37881	73.93051903	nan	nan	nan	nan	nan	nan	nan	nan	nan	nan	nan	nan	nan	nan	nan	nan	nan	nan	nan	nan
100	74.22908164	60487.79405	39646.67151	74.22908164	nan	nan	nan	nan	nan	nan	nan	nan	nan	nan	nan	nan	nan	nan	nan	nan	nan	nan	nan	nan
100.5	74.53005635	60733.05232	39891.92978	74.53005635	nan	nan	nan	nan	nan	nan	nan	nan	nan	nan	nan	nan	nan	nan	nan	nan	nan	nan	nan	nan
101	74.77456535	60932.29781	40091.17527	74.77456535	nan	nan	nan	nan	nan	nan	nan	nan	nan	nan	nan	nan	nan	nan	nan	nan	nan	nan	nan	nan
101.5	75.0602293	61165.07965	40323.95711	75.0602293	nan	nan	nan	nan	nan	nan	nan	nan	nan	nan	nan	nan	nan	nan	nan	nan	nan	nan	nan	nan
102	75.34479229	61396.96434	40555.8418	75.34479229	nan	nan	nan	nan	nan	nan	nan	nan	nan	nan	nan	nan	nan	nan	nan	nan	nan	nan	nan	nan
102.5	75.60813804	61611.55953	40770.43699	75.60813804	nan	nan	nan	nan	nan	nan	nan	nan	nan	nan	nan	nan	nan	nan	nan	nan	nan	nan	nan	nan
103	75.84306357	61802.99564	40961.8731	75.84306357	nan	nan	nan	nan	nan	nan	nan	nan	nan	nan	nan	nan	nan	nan	nan	nan	nan	nan	nan	nan
103.5	76.14393503	62048.16978	41207.04724	76.14393503	nan	nan	nan	nan	nan	nan	nan	nan	nan	nan	nan	nan	nan	nan	nan	nan	nan	nan	nan	nan
104	76.45071223	62298.15639	41457.03385	76.45071223	nan	nan	nan	nan	nan	nan	nan	nan	nan	nan	nan	nan	nan	nan	nan	nan	nan	nan	nan	nan
104.5	76.74627135	62539.0016	41697.87906	76.74627135	nan	nan	nan	nan	nan	nan	nan	nan	nan	nan	nan	nan	nan	nan	nan	nan	nan	nan	nan	nan
105	77.18016343	62892.57157	42051.44903	77.18016343	nan	nan	nan	nan	nan	nan	nan	nan	nan	nan	nan	nan	nan	nan	nan	nan	nan	nan	nan	nan
105.5	77.60160672	63235.99728	42394.87474	77.60160672	nan	nan	nan	nan	nan	nan	nan	nan	nan	nan	nan	nan	nan	nan	nan	nan	nan	nan	nan	nan
106	78.03155772	63586.35575	42745.23321	78.03155772	nan	nan	nan	nan	nan	nan	nan	nan	nan	nan	nan	nan	nan	nan	nan	nan	nan	nan	nan	nan
106.5	78.48836947	63958.60251	43117.47997	78.48836947	nan	nan	nan	nan	nan	nan	nan	nan	nan	nan	nan	nan	nan	nan	nan	nan	nan	nan	nan	nan
107	78.87410398	64272.92985	43431.80731	78.87410398	nan	nan	nan	nan	nan	nan	nan	nan	nan	nan	nan	nan	nan	nan	nan	nan	nan	nan	nan	nan
107.5	79.33062652	64644.94094	43803.8184	79.33062652	nan	nan	nan	nan	nan	nan	nan	nan	nan	nan	nan	nan	nan	nan	nan	nan	nan	nan	nan	nan
108	79.71802211	64960.62186	44119.49932	79.71802211	nan	nan	nan	nan	nan	nan	nan	nan	nan	nan	nan	nan	nan	nan	nan	nan	nan	nan	nan	nan
108.5	80.11341863	65282.82257	44441.70003	80.11341863	nan	nan	nan	nan	nan	nan	nan	nan	nan	nan	nan	nan	nan	nan	nan	nan	nan	nan	nan	nan
109	80.52853453	65621.09222	44779.96968	80.52853453	nan	nan	nan	nan	nan	nan	nan	nan	nan	nan	nan	nan	nan	nan	nan	nan	nan	nan	nan	nan
109.5	80.95626599	65969.64203	45128.51949	80.95626599	nan	nan	nan	nan	nan	nan	nan	nan	nan	nan	nan	nan	nan	nan	nan	nan	nan	nan	nan	nan
110	81.28730037	66239.39533	45398.27279	81.28730037	nan	nan	nan	nan	nan	nan	nan	nan	nan	nan	nan	nan	nan	nan	nan	nan	nan	nan	nan	nan
110.5	81.62933116	66518.10938	45676.98684	81.62933116	nan	nan	nan	nan	nan	nan	nan	nan	nan	nan	nan	nan	nan	nan	nan	nan	nan	nan	nan	nan
111	82.07453303	66880.89547	46039.77293	82.07453303	nan	nan	nan	nan	nan	nan	nan	nan	nan	nan	nan	nan	nan	nan	nan	nan	nan	nan	nan	nan
111.5	82.56996344	67284.61181	46443.48927	82.56996344	nan	nan	nan	nan	nan	nan	nan	nan	nan	nan	nan	nan	nan	nan	nan	nan	nan	nan	nan	nan
112	83.09709517	67714.16091	46873.03837	83.09709517	nan	nan	nan	nan	nan	nan	nan	nan	nan	nan	nan	nan	nan	nan	nan	nan	nan	nan	nan	nan
112.5	83.56954932	68099.15435	47258.03181	83.56954932	nan	nan	nan	nan	nan	nan	nan	nan	nan	nan	nan	nan	nan	nan	nan	nan	nan	nan	nan	nan
113	83.96813926	68423.95732	47582.83478	83.96813926	nan	nan	nan	nan	nan	nan	nan	nan	nan	nan	nan	nan	nan	nan	nan	nan	nan	nan	nan	nan
113.5	84.27325354	68672.58884	47831.4663	84.27325354	nan	nan	nan	nan	nan	nan	nan	nan	nan	nan	nan	nan	nan	nan	nan	nan	nan	nan	nan	nan
114	84.59391249	68933.88741	48092.76487	84.59391249	nan	nan	nan	nan	nan	nan	nan	nan	nan	nan	nan	nan	nan	nan	nan	nan	nan	nan	nan	nan
114.5	85.01300748	69275.39954	48434.277	85.01300748	nan	nan	nan	nan	nan	nan	nan	nan	nan	nan	nan	nan	nan	nan	nan	nan	nan	nan	nan	nan
115	85.57821086	69735.97247	48894.84993	85.57821086	nan	nan	nan	nan	nan	nan	nan	nan	nan	nan	nan	nan	nan	nan	nan	nan	nan	nan	nan	nan
115.5	85.99140088	70072.67275	49231.55021	85.99140088	nan	nan	nan	nan	nan	nan	nan	nan	nan	nan	nan	nan	nan	nan	nan	nan	nan	nan	nan	nan
116	86.36431892	70376.5562	49535.43366	86.36431892	nan	nan	nan	nan	nan	nan	nan	nan	nan	nan	nan	nan	nan	nan	nan	nan	nan	nan	nan	nan
116.5	86.72299172	70668.83149	49827.70895	86.72299172	nan	nan	nan	nan	nan	nan	nan	nan	nan	nan	nan	nan	nan	nan	nan	nan	nan	nan	nan	nan
117	87.11305722	70986.68807	50145.56553	87.11305722	nan	nan	nan	nan	nan	nan	nan	nan	nan	nan	nan	nan	nan	nan	nan	nan	nan	nan	nan	nan
117.5	87.4748716	71281.52337	50440.40083	87.4748716	nan	nan	nan	nan	nan	nan	nan	nan	nan	nan	nan	nan	nan	nan	nan	nan	nan	nan	nan	nan
118	87.81692417	71560.25517	50719.13263	87.81692417	nan	nan	nan	nan	nan	nan	nan	nan	nan	nan	nan	nan	nan	nan	nan	nan	nan	nan	nan	nan
118.5	88.23853785	71903.81972	51062.69718	88.23853785	nan	nan	nan	nan	nan	nan	nan	nan	nan	nan	nan	nan	nan	nan	nan	nan	nan	nan	nan	nan
119	88.69427813	72275.19336	51434.07082	88.69427813	nan	nan	nan	nan	nan	nan	nan	nan	nan	nan	nan	nan	nan	nan	nan	nan	nan	nan	nan	nan
119.5	89.17075083	72663.46144	51822.3389	89.17075083	nan	nan	nan	nan	nan	nan	nan	nan	nan	nan	nan	nan	nan	nan	nan	nan	nan	nan	nan	nan
120	89.66874287	73069.26519	52228.14265	89.66874287	nan	nan	nan	nan	nan	nan	nan	nan	nan	nan	nan	nan	nan	nan	nan	nan	nan	nan	nan	nan
120.5	90.09848137	73419.45049	52578.32795	90.09848137	nan	nan	nan	nan	nan	nan	nan	nan	nan	nan	nan	nan	nan	nan	nan	nan	nan	nan	nan	nan
121	90.63559404	73857.13287	53016.01033	90.63559404	nan	nan	nan	nan	nan	nan	nan	nan	nan	nan	nan	nan	nan	nan	nan	nan	nan	nan	nan	nan
121.5	91.1500555	74276.35723	53435.23469	91.1500555	nan	nan	nan	nan	nan	nan	nan	nan	nan	nan	nan	nan	nan	nan	nan	nan	nan	nan	nan	nan
122	91.67754484	74706.19774	53865.0752	91.67754484	nan	nan	nan	nan	nan	nan	nan	nan	nan	nan	nan	nan	nan	nan	nan	nan	nan	nan	nan	nan
122.5	92.15980145	75099.179	54258.05646	92.15980145	nan	nan	nan	nan	nan	nan	nan	nan	nan	nan	nan	nan	nan	nan	nan	nan	nan	nan	nan	nan
123	92.60020729	75458.05691	54616.93437	92.60020729	nan	nan	nan	nan	nan	nan	nan	nan	nan	nan	nan	nan	nan	nan	nan	nan	nan	nan	nan	nan
123.5	93.06273758	75834.9636	54993.84106	93.06273758	nan	nan	nan	nan	nan	nan	nan	nan	nan	nan	nan	nan	nan	nan	nan	nan	nan	nan	nan	nan
124	93.50935139	76198.90026	55357.77772	93.50935139	nan	nan	nan	nan	nan	nan	nan	nan	nan	nan	nan	nan	nan	nan	nan	nan	nan	nan	nan	nan
124.5	93.84394899	76471.55716	55630.43462	93.84394899	nan	nan	nan	nan	nan	nan	nan	nan	nan	nan	nan	nan	nan	nan	nan	nan	nan	nan	nan	nan
125	94.13658664	76710.02172	55868.89918	94.13658664	nan	nan	nan	nan	nan	nan	nan	nan	nan	nan	nan	nan	nan	nan	nan	nan	nan	nan	nan	nan
125.5	94.51163032	77015.63731	56174.51477	94.51163032	nan	nan	nan	nan	nan	nan	nan	nan	nan	nan	nan	nan	nan	nan	nan	nan	nan	nan	nan	nan

